Webots Project File version R2025a
perspectives: 000000ff00000000fd00000003000000000000000000000000fc0100000001fb0000001a0044006f00630075006d0065006e0074006100740069006f006e0000000000000000140000000000000000000000010000017600000358fc0200000001fb0000001400540065007800740045006400690074006f00720100000000000003580000008a00ffffff00000003000007490000008efc0100000002fb0000000e0043006f006e0073006f006c00650100000000000005660000000000000000fb0000001a0043006f006e0073006f006c00650041006c006c0041006c006c0100000000000007490000008700ffffff000005d10000035800000001000000020000000100000008fc00000000
simulationViewPerspectives: 000000ff000000010000000200000137000003330100000002010000000100
sceneTreePerspectives: 000000ff00000001000000030000001e000000c0000000fa0100000002010000000200
maximizedDockId: -1
centralWidgetVisible: 1
orthographicViewHeight: 1
textFiles: 0 "controllers/epuck_go_forward/epuck_go_forward.py"
consoles: Console:All:All
renderingDevicePerspectives: e-puck:camera;1;7;0.00324675;0.00125628
